

switch: 64
	port_number: 1
		200000,10000000
		100000,01000000
		100000,00100000
		300000,10000001
		600000,00000011

	port_number: 2
		300000,10000001
		600000,00000011
		300000,00000011
	port_number: 3
		800000,10000011
		400000,10000010
		600000,10000001
switch: 64
	port_number: 1
		200000,10000000
		100000,01000000
		100000,00100000
		100000,00010000
		100000,00001000
		100000,00000100
		100000,00000010
		100000,00000001
switch: 64
	port_number: 1
		200000,10000000
		100000,01000000

switch: 65
	port_number: 1
		300000,00000011
		300000,10000001
		600000,00000011
		500000,00001110
	port_number: 3
		200000,10000000
		100000,01000000
		100000,00100000
switch: 65
	port_number: 1
		100000,00010000
		100000,00001000
		500000,00001110
switch: 65
	port_number: 1
		200000,10000000
		100000,01000000





